# gueymard.dat
#
# This file stores the solar irradiance from Gueymard
#
# Column 1: wavelength in nm
# Column 2: TOA solar irradiance in W m-2 nm-1
#
 300  0.579611063
 301  0.579611063
 302  0.579611063
 303  0.566633284
 304  0.594111025
 305  0.619800031
 306  0.610466659
 307  0.618266642
 308  0.598677754
 309  0.599522173
 310  0.607044399
 311  0.661855519
 312  0.694688857
 313  0.731088877
 314  0.718688786
 315  0.712933302
 316  0.681477785
 317  0.697577715
 318  0.711966693
 319  0.748611033
 320  0.765988827
 321  0.75999999
 322  0.752366602
 323  0.734488904
 324  0.784222186
 325  0.851922214
 326  0.941788852
 327  0.982755482
 328  1.01541102
 329  1.0350889
 330  1.05587769
 331  1.03933322
 332  1.00996661
 333  0.976788819
 334  0.937344372
 335  0.88392216
 336  0.828833282
 337  0.827144444
 338  0.888733327
 339  0.966422141
 340  1.02611101
 341  1.0380888
 342  1.01948881
 343  0.985211134
 344  0.931933343
 345  0.931455553
 346  0.933588803
 347  0.96278888
 348  0.965255439
 349  0.978022158
 350  1.00654447
 351  1.02551103
 352  1.05277765
 353  1.07266665
 354  1.10377777
 355  1.07838881
 356  0.996122181
 357  0.885577679
 358  0.864366591
 359  0.902766526
 360  0.960455477
 361  0.955977738
 362  0.973022163
 363  1.01232219
 364  1.10028875
 365  1.15922213
 366  1.20966649
 367  1.21077764
 368  1.22122216
 369  1.22311103
 370  1.21035552
 371  1.15637767
 372  1.09395552
 373  1.05337775
 374  1.03013313
 375  1.02355552
 376  1.09388888
 377  1.18199992
 378  1.25155556
 379  1.23522222
 380  1.18431091
 381  1.10106671
 382  0.973977745
 383  0.893822193
 384  0.872622192
 385  0.935000002
 386  0.962577641
 387  0.991688907
 388  1.0348444
 389  1.13522208
 390  1.23055542
 391  1.21154439
 392  1.09027779
 393  0.972233295
 394  0.999322176
 395  1.04471099
 396  1.08643329
 397  1.11292207
 398  1.31257761
 399  1.52812231
 400  1.71299982
 401  1.76844418
 402  1.78966665
 403  1.7751112
 404  1.74922216
 405  1.7197777
 406  1.70477784
 407  1.71377766
 408  1.72422218
 409  1.73599994
 410  1.7328887
 411  1.75877774
 412  1.79388893
 413  1.824
 414  1.83622217
 415  1.83566654
 416  1.8319999
 417  1.81622207
 418  1.79988873
 419  1.79977787
 420  1.80388892
 421  1.80422211
 422  1.79011106
 423  1.78411102
 424  1.78899992
 425  1.78788888
 426  1.76666653
 427  1.7217778
 428  1.64955556
 429  1.55811119
 430  1.50644445
 431  1.536111
 432  1.63044441
 433  1.69911098
 434  1.74188888
 435  1.78233337
 436  1.82888889
 437  1.84199989
 438  1.82044446
 439  1.81788886
 440  1.85911095
 441  1.92311096
 442  1.98111105
 443  2.00511098
 444  2.00155544
 445  1.98511088
 446  1.98433316
 447  2.01511097
 448  2.05488873
 449  2.0996666
 450  2.12944436
 451  2.13433337
 452  2.1103332
 453  2.07722211
 454  2.07488894
 455  2.09722209
 456  2.12433314
 457  2.12988877
 458  2.11622214
 459  2.1057775
 460  2.10822225
 461  2.12444425
 462  2.13166642
 463  2.12211084
 464  2.10133314
 465  2.07955527
 466  2.06777787
 467  2.0619998
 468  2.05833316
 469  2.04766655
 470  2.0415554
 471  2.04766679
 472  2.07022214
 473  2.08877778
 474  2.09555531
 475  2.0895555
 476  2.08388877
 477  2.08644414
 478  2.09588885
 479  2.10633326
 480  2.1158886
 481  2.12222219
 482  2.11888862
 483  2.09166646
 484  2.01977777
 485  1.9258889
 486  1.85211098
 487  1.85133326
 488  1.91188872
 489  1.97966671
 490  2.01244426
 491  2.00388861
 492  1.98411095
 493  1.98111093
 494  1.99344444
 495  2.01599979
 496  2.02177763
 497  2.01788902
 498  1.99333322
 499  1.96777773
 500  1.93444431
 501  1.91844428
 502  1.91322219
 503  1.9318887
 504  1.9569999
 505  1.9799999
 506  1.9799999
 507  1.957111
 508  1.9288888
 509  1.92099988
 510  1.93211091
 511  1.94233322
 512  1.93211091
 513  1.90044439
 514  1.86911094
 515  1.82377779
 516  1.78011096
 517  1.73644435
 518  1.74422204
 519  1.78466654
 520  1.83899987
 521  1.86599982
 522  1.87866652
 523  1.88866663
 524  1.90111101
 525  1.89111102
 526  1.86455536
 527  1.84833336
 528  1.87022209
 529  1.9134444
 530  1.93811095
 531  1.93244445
 532  1.90722215
 533  1.89311111
 534  1.90133333
 535  1.91466665
 536  1.92055559
 537  1.90744448
 538  1.89022207
 539  1.86811113
 540  1.85311091
 541  1.85077775
 542  1.86477768
 543  1.87922227
 544  1.89255559
 545  1.89799976
 546  1.9009999
 547  1.89633322
 548  1.89166653
 549  1.88911104
 550  1.8906666
 551  1.88722217
 552  1.88633335
 553  1.88611114
 554  1.89366674
 555  1.88999999
 556  1.87422216
 557  1.8445555
 558  1.82133329
 559  1.81044436
 560  1.81500006
 561  1.82933331
 562  1.84111106
 563  1.84766662
 564  1.83699989
 565  1.82688892
 566  1.81844437
 567  1.82055557
 568  1.81899989
 569  1.81177771
 570  1.80744421
 571  1.81355536
 572  1.83288872
 573  1.847
 574  1.84866667
 575  1.83866656
 576  1.8263334
 577  1.81766653
 578  1.81055546
 579  1.80888879
 580  1.81399977
 581  1.82311106
 582  1.83399999
 583  1.83555543
 584  1.82655537
 585  1.80944443
 586  1.79577768
 587  1.77711105
 588  1.75244439
 589  1.72755539
 590  1.73077762
 591  1.75199986
 592  1.77433312
 593  1.77866662
 594  1.77488887
 595  1.76966655
 596  1.76744449
 597  1.76211083
 598  1.755
 599  1.74399996
 600  1.73177767
 601  1.72177756
 602  1.72011101
 603  1.7278887
 604  1.7373333
 605  1.74144423
 606  1.73866653
 607  1.73422205
 608  1.72644424
 609  1.71999991
 610  1.71288884
 611  1.70755541
 612  1.69699991
 613  1.6864444
 614  1.67277765
 615  1.66199982
 616  1.65277767
 617  1.65344441
 618  1.6634444
 619  1.67344427
 620  1.67922223
 621  1.67533314
 622  1.66399992
 623  1.64633334
 624  1.63122213
 625  1.62911093
 626  1.63888884
 627  1.65255547
 628  1.6567775
 629  1.65166652
 630  1.63722217
 631  1.6279999
 632  1.62055552
 633  1.62266672
 634  1.61977768
 635  1.6204443
 636  1.61833334
 637  1.62099993
 638  1.61833334
 639  1.61033309
 640  1.59755552
 641  1.58922231
 642  1.58611095
 643  1.58877766
 644  1.58766651
 645  1.58522224
 646  1.58066666
 647  1.57822216
 648  1.5716666
 649  1.56477773
 650  1.55977774
 651  1.56422222
 652  1.56444442
 653  1.55722201
 654  1.51866663
 655  1.46411097
 656  1.41611099
 657  1.41666651
 658  1.45588875
 659  1.49711096
 660  1.51966667
 661  1.52288878
 662  1.52244437
 663  1.51588869
 664  1.51077759
 665  1.50588882
 666  1.50333321
 667  1.50222218
 668  1.50366652
 669  1.50744438
 670  1.50711107
 671  1.50622213
 672  1.50411093
 673  1.50455558
 674  1.5029999
 675  1.49899995
 676  1.49466658
 677  1.4875555
 678  1.48166656
 679  1.47355545
 680  1.4695555
 681  1.46511114
 682  1.46199989
 683  1.45911109
 684  1.45755541
 685  1.45977771
 686  1.46122217
 687  1.46277773
 688  1.45855534
 689  1.45233333
 690  1.44255543
 691  1.43366659
 692  1.42666662
 693  1.42411101
 694  1.42577779
 695  1.4288888
 696  1.42977762
 697  1.42811108
 698  1.4236666
 699  1.42055547
 700  1.41499984
 701  1.41099989
 702  1.40855551
 703  1.41177762
 704  1.41577768
 705  1.41677773
 706  1.41377771
 707  1.40899992
 708  1.4054445
 709  1.40188885
 710  1.39866674
 711  1.39300001
 712  1.38733327
 713  1.37966669
 714  1.37333333
 715  1.36855543
 716  1.3674444
 717  1.36477768
 718  1.35977757
 719  1.3527776
 720  1.3499999
 721  1.34911108
 722  1.3497777
 723  1.34844434
 724  1.34555542
 725  1.34288883
 726  1.33966672
 727  1.33377779
 728  1.32555556
 729  1.31822217
 730  1.31833327
 731  1.31933331
 732  1.32233334
 733  1.3215555
 734  1.32077777
 735  1.31688881
 736  1.31199992
 737  1.30455554
 738  1.29599988
 739  1.28677773
 740  1.28044438
 741  1.27722216
 742  1.27844429
 743  1.28266656
 744  1.28599989
 745  1.28811109
 746  1.28866661
 747  1.28799999
 748  1.28466666
 749  1.27755558
 750  1.27122223
 751  1.26677775
 752  1.26711094
 753  1.26866663
 754  1.26988876
 755  1.26888883
 756  1.26611102
 757  1.26199996
 758  1.25644433
 759  1.25155556
 760  1.24566662
 761  1.24155557
 762  1.23766649
 763  1.23699987
 764  1.22888875
 765  1.21888888
 766  1.20799994
 767  1.20855546
 768  1.21088874
 769  1.2115556
 770  1.20733321
 771  1.20344436
 772  1.20144439
 773  1.1995554
 774  1.19777775
 775  1.19499993
 776  1.19233322
 777  1.18755543
 778  1.18266666
 779  1.17822206
 780  1.17633331
 781  1.17444432
 782  1.17211115
 783  1.16711104
 784  1.16488874
 785  1.16388881
 786  1.16577768
 787  1.1657778
 788  1.16533327
 789  1.16322219
 790  1.1584444
 791  1.14922225
 792  1.13699985
 793  1.1277777
 794  1.12511098
 795  1.13
 796  1.1353333
 797  1.13866651
 798  1.13766658
 799  1.13577771
 800  1.13266659
 801  1.12988889
 802  1.12644434
 803  1.12199998
 804  1.11822224
 805  1.11488879
 806  1.11433327
 807  1.11166656
 808  1.10899997
 809  1.10644436
 810  1.10777771
 811  1.11155546
 812  1.11433327
 813  1.11422217
 814  1.11088884
 815  1.10666656
 816  1.10055554
 817  1.0925554
 818  1.08200002
 819  1.07299995
 820  1.06688893
 821  1.06599987
 822  1.06777775
 823  1.07077765
 824  1.07266665
 825  1.07377779
 826  1.07433331
 827  1.07300007
 828  1.0695554
 829  1.0643332
 830  1.06011105
 831  1.05366659
 832  1.04622209
 833  1.03811109
 834  1.03688884
 835  1.04022217
 836  1.04311097
 837  1.04044437
 838  1.03577769
 839  1.03377771
 840  1.03466666
 841  1.03277767
 842  1.02688885
 843  1.02133334
 844  1.01999986
 845  1.02122223
 846  1.01855552
 847  1.00887775
 848  0.991866648
 849  0.977177799
 850  0.969333351
 851  0.970455468
 852  0.953033268
 853  0.924399912
 854  0.898644388
 855  0.912277699
 856  0.946899891
 857  0.978799999
 858  0.990111053
 859  0.989944398
 860  0.989655495
 861  0.993833303
 862  0.997199953
 863  0.995377719
 864  0.972355425
 865  0.943188846
 866  0.92032218
 867  0.925666571
 868  0.948188841
 869  0.96774441
 870  0.977711141
 871  0.975977838
 872  0.973066628
 873  0.965377748
 874  0.957511008
 875  0.951577723
 876  0.952699959
 877  0.9567222
 878  0.958022177
 879  0.950677693
 880  0.94146663
 881  0.936122179
 882  0.937999964
 883  0.941633284
 884  0.94053334
 885  0.934644401
 886  0.92689991
 887  0.925333321
 888  0.929111063
 889  0.933799922
 890  0.933744371
 891  0.928088844
 892  0.920866668
 893  0.915022194
 894  0.913566589
 895  0.913677752
 896  0.914922178
 897  0.913411081
 898  0.910166681
 899  0.900544405
 900  0.887611091
 901  0.878111124
 902  0.880266666
 903  0.891533315
 904  0.899933279
 905  0.900866687
 906  0.894144356
 907  0.886111021
 908  0.878055513
 909  0.872666597
 910  0.871722221
 911  0.874377728
 912  0.878733218
 913  0.881722212
 914  0.881388843
 915  0.878199995
 916  0.874377787
 917  0.871544421
 918  0.870088875
 919  0.865866601
 920  0.858277738
 921  0.845766723
 922  0.83646661
 923  0.831399977
 924  0.833300054
 925  0.836966693
 926  0.842244446
 927  0.847688854
 928  0.850788832
 929  0.851211071
 930  0.849799931
 931  0.848866642
 932  0.848333359
 933  0.846822202
 934  0.843655527
 935  0.839955568
 936  0.837366581
 937  0.836488903
 938  0.834688842
 939  0.827688873
 940  0.818199933
 941  0.810155451
 942  0.808899939
 943  0.811000049
 944  0.813488781
 945  0.815688848
 946  0.817711055
 947  0.819933355
 948  0.820088863
 949  0.818433285
 950  0.815522194
 951  0.812022209
 952  0.806255579
 953  0.7965222
 954  0.78742218
 955  0.783244431
 956  0.787955582
 957  0.793622196
 958  0.797633231
 959  0.79703331
 960  0.794488847
 961  0.791388929
 962  0.787811041
 963  0.785011053
 964  0.781899929
 965  0.779711008
 966  0.778255463
 967  0.77844435
 968  0.778666675
 969  0.778555572
 970  0.77772218
 971  0.776177824
 972  0.773288786
 973  0.769622266
 974  0.766433299
 975  0.765355527
 976  0.764422178
 977  0.762966692
 978  0.760755539
 979  0.759511054
 980  0.759888887
 981  0.760222197
 982  0.759366691
 983  0.757255495
 984  0.754922152
 985  0.752877712
 986  0.7508111
 987  0.748044431
 988  0.745144427
 989  0.7421
 990  0.741166592
 991  0.741266668
 992  0.74222225
 993  0.741844416
 994  0.740855515
 995  0.73936671
 996  0.738088846
 997  0.736555517
 998  0.734722197
 999  0.733277738
1000  0.732555568
1001  0.731777728
1002  0.728188813
1003  0.71855545
1004  0.708022177
1005  0.701488793
1006  0.705677748
1007  0.712933302
1008  0.71876663
1009  0.719488859
1010  0.718222201
1011  0.716655493
1012  0.714644432
1013  0.712266624
1014  0.709099948
1015  0.706266642
1016  0.703877747
1017  0.701588869
1018  0.698999941
1019  0.696444452
1020  0.695166647
1021  0.695011079
1022  0.695666611
1023  0.696822166
1024  0.697188854
1025  0.696866572
1026  0.69552213
1027  0.693499982
1028  0.691188812
1029  0.688544452
1030  0.68681103
1031  0.684155524
1032  0.68083328
1033  0.676844418
1034  0.67515558
1035  0.674366653
1036  0.674055517
1037  0.672166646
1038  0.670899928
1039  0.670133293
1040  0.669822216
1041  0.66908884
1042  0.667877734
1043  0.666244447
1044  0.66353327
1045  0.6602
1046  0.658122182
1047  0.658422232
1048  0.659722149
1049  0.66011107
1050  0.659011066
1051  0.657177687
1052  0.655377746
1053  0.654011071
1054  0.653655529
1055  0.653655589
1056  0.651799977
1057  0.64806658
1058  0.642911077
1059  0.639833272
1060  0.638799965
1061  0.639166594
1062  0.640088856
1063  0.640522182
1064  0.640044391
1065  0.637999952
1066  0.634044409
1067  0.628511071
1068  0.62277776
1069  0.619666636
1070  0.621822178
1071  0.624033272
1072  0.625255525
1073  0.622299969
1074  0.621533334
1075  0.621177733
1076  0.622877777
1077  0.622011065
1078  0.620633304
1079  0.617422163
1080  0.614077747
1081  0.608577788
1082  0.605333269
1083  0.60556668
1084  0.609588861
1085  0.609944403
1086  0.606688797
1087  0.601311088
1088  0.600922167
1089  0.602677763
1090  0.605311096
1091  0.602544427
1092  0.593800008
1093  0.583188832
1094  0.575944424
1095  0.577233374
1096  0.579611063
1097  0.579
1098  0.580
1099  0.585
1100  0.588
1101  0.59
1102  0.565
1103  0.587
1104  0.584
1105  0.585
1106  0.582
1107  0.58
1108  0.578
1109  0.579
1110  0.582
1111  0.575
1112  0.571
1113  0.57
1114  0.577
1115  0.573
1116  0.566
1117  0.575
1118  0.573
1119  0.558
1120  0.562
1121  0.566
1122  0.566
1123  0.567
1124  0.567
1125  0.556
1126  0.545
1127  0.563
1128  0.553
1129  0.554
1130  0.55
1131  0.554
1132  0.557
1133  0.547
1134  0.549
1135  0.555
1136  0.549
1137  0.554
1138  0.532
1139  0.543
1140  0.545
1141  0.531
1142  0.545
1143  0.537
1144  0.535
1145  0.54
1146  0.545
1147  0.546
1148  0.539
1149  0.541
1150  0.538
1151  0.536
1152  0.535
1153  0.533
1154  0.536
1155  0.538
1156  0.53
1157  0.533
1158  0.532
1159  0.524
1160  0.517
1161  0.506
1162  0.523
1163  0.525
1164  0.514
1165  0.524
1166  0.511
1167  0.519
1168  0.523
1169  0.505
1170  0.519
1171  0.521
1172  0.519
1173  0.516
1174  0.516
1175  0.51
1176  0.497
1177  0.513
1178  0.504
1179  0.502
1180  0.509
1181  0.507
1182  0.508
1183  0.478
1184  0.5
1185  0.506
1186  0.503
1187  0.504
1188  0.501
1189  0.472
1190  0.494
1191  0.502
1192  0.499
1193  0.499
1194  0.498
1195  0.493
1196  0.492
1197  0.492
1198  0.476
1199  0.458
1200  0.487
1201  0.491
1202  0.492
1203  0.469
1204  0.477
1205  0.488
1206  0.484
1207  0.487
1208  0.48
1209  0.45
1210  0.481
1211  0.465
1212  0.48
1213  0.481
1214  0.479
1215  0.481
1216  0.479
1217  0.478
1218  0.477
1219  0.473
1220  0.476
1221  0.475
1222  0.472
1223  0.47
1224  0.473
1225  0.47
1226  0.471
1227  0.455
1228  0.469
1229  0.468
1230  0.466
1231  0.466
1232  0.46
1233  0.464
1234  0.462
1235  0.459
1236  0.462
1237  0.461
1238  0.461
1239  0.456
1240  0.454
1241  0.458
1242  0.456
1243  0.451
1244  0.447
1245  0.455
1246  0.451
1247  0.449
1248  0.453
1249  0.452
1250  0.45
1251  0.448
1252  0.447
1253  0.443
1254  0.445
1255  0.445
1256  0.444
1257  0.44
1258  0.443
1259  0.44
1260  0.441
1261  0.442
1262  0.434
1263  0.44
1264  0.434
1265  0.435
1266  0.439
1267  0.431
1268  0.428
1269  0.433
1270  0.434
1271  0.435
1272  0.432
1273  0.431
1274  0.428
1275  0.43
1276  0.43
1277  0.43
1278  0.428
1279  0.424
1280  0.422
1281  0.409
1282  0.363
1283  0.398
1284  0.415
1285  0.417
1286  0.417
1287  0.42
1288  0.417
1289  0.42
1290  0.41
1291  0.416
1292  0.417
1293  0.418
1294  0.411
1295  0.415
1296  0.416
1297  0.413
1298  0.41
1299  0.414
1300  0.412
1301  0.411
1302  0.406
1303  0.404
1304  0.405
1305  0.407
1306  0.407
1307  0.406
1308  0.406
1309  0.406
1310  0.404
1311  0.403
1312  0.402
1313  0.387
1314  0.4
1315  0.387
1316  0.395
1317  0.4
1318  0.394
1319  0.4
1320  0.398
1321  0.396
1322  0.395
1323  0.395
1324  0.395
1325  0.394
1326  0.393
1327  0.39
1328  0.392
1329  0.38
1330  0.387
1331  0.389
1332  0.38
1333  0.39
1334  0.389
1335  0.389
1336  0.385
1337  0.386
1338  0.385
1339  0.381
1340  0.378
1341  0.383
1342  0.382
1343  0.383
1344  0.382
1345  0.382
1346  0.378
1347  0.381
1348  0.379
1349  0.378
1350  0.374
1351  0.374
1352  0.378
1353  0.377
1354  0.375
1355  0.371
1356  0.37
1357  0.366
1358  0.372
1359  0.371
1360  0.365
1361  0.372
1362  0.37
1363  0.363
1364  0.368
1365  0.367
1366  0.367
1367  0.363
1368  0.367
1369  0.36
1370  0.36
1371  0.36
1372  0.365
1373  0.364
1374  0.365
1375  0.358
1376  0.354
1377  0.359
1378  0.357
1379  0.362
1380  0.358
1381  0.359
1382  0.353
1383  0.357
1384  0.357
1385  0.353
1386  0.357
1387  0.352
1388  0.355
1389  0.356
1390  0.349
1391  0.354
1392  0.353
1393  0.352
1394  0.348
1395  0.348
1396  0.351
1397  0.35
1398  0.35
1399  0.349
1400  0.34
1401  0.341
1402  0.346
1403  0.343
1404  0.342
1405  0.342
1406  0.343
1407  0.343
1408  0.341
1409  0.343
1410  0.341
1411  0.341
1412  0.328
1413  0.333
1414  0.338
1415  0.337
1416  0.335
1417  0.338
1418  0.338
1419  0.333
1420  0.332
1421  0.336
1422  0.328
1423  0.325
1424  0.326
1425  0.333
1426  0.319
1427  0.324
1428  0.331
1429  0.324
1430  0.319
1431  0.322
1432  0.33
1433  0.33
1434  0.323
1435  0.326
1436  0.325
1437  0.327
1438  0.325
1439  0.328
1440  0.306
1441  0.321
1442  0.313
1443  0.318
1444  0.319
1445  0.317
1446  0.32
1447  0.317
1448  0.319
1449  0.319
1450  0.317
1451  0.315
1452  0.31
1453  0.314
1454  0.314
1455  0.309
1456  0.308
1457  0.311
1458  0.315
1459  0.317
1460  0.312
1461  0.312
1462  0.309
1463  0.307
1464  0.307
1465  0.311
1466  0.304
1467  0.312
1468  0.305
1469  0.309
1470  0.308
1471  0.302
1472  0.303
1473  0.304
1474  0.294
1475  0.301
1476  0.301
1477  0.302
1478  0.298
1479  0.302
1480  0.304
1481  0.299
1482  0.302
1483  0.295
1484  0.298
1485  0.304
1486  0.299
1487  0.298
1488  0.261
1489  0.298
1490  0.298
1491  0.301
1492  0.294
1493  0.3
1494  0.299
1495  0.297
1496  0.288
1497  0.294
1498  0.297
1499  0.292
1500  0.296
1501  0.296
1502  0.294
1503  0.264
1504  0.275
1505  0.274
1506  0.277
1507  0.29
1508  0.285
1509  0.286
1510  0.291
1511  0.292
1512  0.287
1513  0.286
1514  0.282
1515  0.288
1516  0.285
1517  0.283
1518  0.288
1519  0.284
1520  0.286
1521  0.28
1522  0.278
1523  0.285
1524  0.283
1525  0.277
1526  0.285
1527  0.282
1528  0.284
1529  0.283
1530  0.265
1531  0.283
1532  0.281
1533  0.28
1534  0.276
1535  0.276
1536  0.28
1537  0.28
1538  0.272
1539  0.278
1540  0.268
1541  0.273
1542  0.275
1543  0.274
1544  0.277
1545  0.277
1546  0.276
1547  0.273
1548  0.265
1549  0.272
1550  0.27
1551  0.269
1552  0.273
1553  0.272
1554  0.262
1555  0.266
1556  0.261
1557  0.269
1558  0.267
1559  0.267
1560  0.263
1561  0.269
1562  0.269
1563  0.265
1564  0.261
1565  0.266
1566  0.26
1567  0.262
1568  0.259
1569  0.262
1570  0.257
1571  0.264
1572  0.264
1573  0.26
1574  0.259
1575  0.24
1576  0.258
1577  0.233
1578  0.255
1579  0.255
1580  0.259
1581  0.258
1582  0.251
1583  0.253
1584  0.25
1585  0.256
1586  0.253
1587  0.25
1588  0.246
1589  0.225
1590  0.242
1591  0.237
1592  0.249
1593  0.255
1594  0.253
1595  0.255
1596  0.239
1597  0.249
1598  0.255
1599  0.247
1600  0.252
1601  0.242
1602  0.248
1603  0.246
1604  0.249
1605  0.245
1606  0.244
1607  0.245
1608  0.248
1609  0.247
1610  0.231
1611  0.238
1612  0.239
1613  0.244
1614  0.241
1615  0.245
1616  0.229
1617  0.235
1618  0.243
1619  0.242
1620  0.235
1621  0.232
1622  0.237
1623  0.242
1624  0.244
1625  0.237
1626  0.24
1627  0.24
1628  0.242
1629  0.242
1630  0.235
1631  0.239
1632  0.239
1633  0.236
1634  0.231
1635  0.237
1636  0.236
1637  0.226
1638  0.224
1639  0.222
1640  0.224
1641  0.223
1642  0.222
1643  0.228
1644  0.224
1645  0.225
1646  0.228
1647  0.23
1648  0.229
1649  0.224
1650  0.229
1651  0.224
1652  0.228
1653  0.226
1654  0.228
1655  0.224
1656  0.228
1657  0.226
1658  0.227
1659  0.223
1660  0.226
1661  0.227
1662  0.225
1663  0.224
1664  0.223
1665  0.221
1666  0.22
1667  0.221
1668  0.218
1669  0.218
1670  0.222
1671  0.221
1672  0.21
1673  0.216
1674  0.217
1675  0.215
1676  0.212
1677  0.213
1678  0.214
1679  0.211
1680  0.204
1681  0.197
1682  0.202
1683  0.207
1684  0.211
1685  0.212
1686  0.209
1687  0.211
1688  0.211
1689  0.208
1690  0.209
1691  0.211
1692  0.212
1693  0.211
1694  0.211
1695  0.211
1696  0.21
1697  0.208
1698  0.21
1699  0.208
1700  0.206
1701  0.206
1702  0.205
1703  0.201
1704  0.205
1705  0.206
1706  0.204
1707  0.204
1708  0.198
1709  0.202
1710  0.204
1711  0.188
1712  0.202
1713  0.203
1714  0.203
1715  0.203
1716  0.202
1717  0.2
1718  0.199
1719  0.201
1720  0.197
1721  0.195
1722  0.199
1723  0.19
1724  0.193
1725  0.195
1726  0.196
1727  0.195
1728  0.191
1729  0.195
1730  0.195
1731  0.193
1732  0.192
1733  0.18
1734  0.183
1735  0.186
1736  0.177
1737  0.175
1738  0.184
1739  0.186
1740  0.188
1741  0.184
1742  0.189
1743  0.187
1744  0.19
1745  0.184
1746  0.186
1747  0.181
1748  0.188
1749  0.186
1750  0.186
1751  0.183
1752  0.185
1753  0.186
1754  0.186
1755  0.184
1756  0.186
1757  0.186
1758  0.184
1759  0.184
1760  0.184
1761  0.182
1762  0.178
1763  0.181
1764  0.18
1765  0.183
1766  0.182
1767  0.182
1768  0.179
1769  0.181
1770  0.178
1771  0.179
1772  0.18
1773  0.18
1774  0.18
1775  0.178
1776  0.177
1777  0.175
1778  0.174
1779  0.175
1780  0.176
1781  0.177
1782  0.174
1783  0.174
1784  0.174
1785  0.173
1786  0.174
1787  0.176
1788  0.175
1789  0.174
1790  0.173
1791  0.174
1792  0.172
1793  0.172
1794  0.17
1795  0.171
1796  0.171
1797  0.169
1798  0.17
1799  0.171
1800  0.17
1801  0.167
1802  0.166
1803  0.166
1804  0.169
1805  0.169
1806  0.168
1807  0.167
1808  0.166
1809  0.167
1810  0.166
1811  0.166
1812  0.165
1813  0.165
1814  0.164
1815  0.161
1816  0.159
1817  0.153
1818  0.144
1819  0.154
1820  0.158
1821  0.159
1822  0.158
1823  0.155
1824  0.162
1825  0.16
1826  0.161
1827  0.161
1828  0.161
1829  0.156
1830  0.16
1831  0.16
1832  0.16
1833  0.154
1834  0.16
1835  0.158
1836  0.158
1837  0.158
1838  0.153
1839  0.158
1840  0.154
1841  0.158
1842  0.155
1843  0.15
1844  0.155
1845  0.155
1846  0.156
1847  0.147
1848  0.151
1849  0.154
1850  0.155
1851  0.155
1852  0.154
1853  0.15
1854  0.153
1855  0.153
1856  0.147
1857  0.153
1858  0.152
1859  0.15
1860  0.148
1861  0.149
1862  0.148
1863  0.148
1864  0.148
1865  0.149
1866  0.146
1867  0.144
1868  0.145
1869  0.148
1870  0.147
1871  0.146
1872  0.144
1873  0.139
1874  0.139
1875  0.127
1876  0.118
1877  0.137
1878  0.14
1879  0.143
1880  0.14
1881  0.144
1882  0.143
1883  0.144
1884  0.143
1885  0.142
1886  0.137
1887  0.144
1888  0.142
1889  0.142
1890  0.137
1891  0.143
1892  0.138
1893  0.134
1894  0.141
1895  0.137
1896  0.135
1897  0.135
1898  0.138
1899  0.136
1900  0.139
1901  0.14
1902  0.14
1903  0.138
1904  0.137
1905  0.138
1906  0.139
1907  0.139
1908  0.136
1909  0.138
1910  0.138
1911  0.137
1912  0.133
1913  0.137
1914  0.137
1915  0.136
1916  0.135
1917  0.136
1918  0.135
1919  0.135
1920  0.13
1921  0.135
1922  0.135
1923  0.133
1924  0.135
1925  0.133
1926  0.134
1927  0.132
1928  0.131
1929  0.127
1930  0.132
1931  0.128
1932  0.131
1933  0.127
1934  0.131
1935  0.129
1936  0.131
1937  0.131
1938  0.131
1939  0.125
1940  0.127
1941  0.129
1942  0.128
1943  0.124
1944  0.117
1945  0.11
1946  0.116
1947  0.123
1948  0.125
1949  0.126
1950  0.124
1951  0.12
1952  0.124
1953  0.127
1954  0.127
1955  0.127
1956  0.126
1957  0.126
1958  0.127
1959  0.126
1960  0.125
1961  0.125
1962  0.123
1963  0.121
1964  0.121
1965  0.124
1966  0.121
1967  0.124
1968  0.124
1969  0.123
1970  0.124
1971  0.123
1972  0.122
1973  0.117
1974  0.12
1975  0.122
1976  0.122
1977  0.121
1978  0.115
1979  0.122
1980  0.118
1981  0.119
1982  0.12
1983  0.12
1984  0.119
1985  0.119
1986  0.117
1987  0.117
1988  0.12
1989  0.12
1990  0.119
1991  0.119
1992  0.118
1993  0.115
1994  0.116
1995  0.118
1996  0.118
1997  0.116
1998  0.114
1999  0.117
2000  0.117
2001  0.117
2002  0.117
2003  0.114
2004  0.114
2005  0.116
2006  0.113
2007  0.116
2008  0.116
2009  0.115
2010  0.115
2011  0.115
2012  0.115
2013  0.115
2014  0.113
2015  0.114
2016  0.114
2017  0.113
2018  0.114
2019  0.113
2020  0.112
2021  0.108
2022  0.112
2023  0.112
2024  0.112
2025  0.111
2026  0.112
2027  0.111
2028  0.111
2029  0.109
2030  0.108
2031  0.108
2032  0.11
2033  0.11
2034  0.11
2035  0.106
2036  0.109
2037  0.11
2038  0.104
2039  0.108
2040  0.109
2041  0.109
2042  0.108
2043  0.108
2044  0.108
2045  0.108
2046  0.108
2047  0.107
2048  0.107
2049  0.108
2050  0.107
2051  0.106
2052  0.106
2053  0.105
2054  0.105
2055  0.106
2056  0.106
2057  0.106
2058  0.105
2059  0.105
2060  0.105
2061  0.102
2062  0.105
2063  0.105
2064  0.0983
2065  0.104
2066  0.104
2067  0.104
2068  0.103
2069  0.104
2070  0.1
2071  0.103
2072  0.102
2073  0.103
2074  0.103
2075  0.103
2076  0.102
2077  0.102
2078  0.102
2079  0.1
2080  0.101
2081  0.1
2082  0.101
2083  0.0992
2084  0.0993
2085  0.1
2086  0.1
2087  0.1
2088  0.1
2089  0.1
2090  0.0997
2091  0.0989
2092  0.0952
2093  0.0981
2094  0.0991
2095  0.0956
2096  0.0984
2097  0.0979
2098  0.0978
2099  0.0977
2100  0.0979
2101  0.0972
2102  0.0979
2103  0.0964
2104  0.0975
2105  0.0974
2106  0.0974
2107  0.0971
2108  0.0969
2109  0.0964
2110  0.0942
2111  0.0964
2112  0.096
2113  0.0956
2114  0.0959
2115  0.0957
2116  0.0951
2117  0.0927
2118  0.0948
2119  0.0952
2120  0.0929
2121  0.0945
2122  0.0936
2123  0.0937
2124  0.0918
2125  0.0938
2126  0.0937
2127  0.0921
2128  0.0935
2129  0.0933
2130  0.0927
2131  0.0932
2132  0.0931
2133  0.0928
2134  0.0925
2135  0.0925
2136  0.0891
2137  0.0921
2138  0.0921
2139  0.0916
2140  0.0916
2141  0.0917
2142  0.0914
2143  0.0909
2144  0.0911
2145  0.0902
2146  0.0895
2147  0.0904
2148  0.0905
2149  0.0902
2150  0.0901
2151  0.0899
2152  0.0897
2153  0.0889
2154  0.0891
2155  0.0891
2156  0.0891
2157  0.0888
2158  0.0887
2159  0.0883
2160  0.0879
2161  0.0878
2162  0.0867
2163  0.0866
2164  0.0854
2165  0.0824
2166  0.074
2167  0.0808
2168  0.0834
2169  0.0856
2170  0.0853
2171  0.0861
2172  0.0858
2173  0.0861
2174  0.0858
2175  0.086
2176  0.0854
2177  0.0848
2178  0.0854
2179  0.0823
2180  0.0857
2181  0.0855
2182  0.085
2183  0.0829
2184  0.0848
2185  0.085
2186  0.0848
2187  0.0847
2188  0.0826
2189  0.082
2190  0.083
2191  0.0842
2192  0.084
2193  0.0839
2194  0.0837
2195  0.0834
2196  0.0835
2197  0.0831
2198  0.0833
2199  0.0831
2200  0.0828
2201  0.0826
2202  0.0825
2203  0.0825
2204  0.0825
2205  0.0823
2206  0.0791
2207  0.0781
2208  0.0811
2209  0.0794
2210  0.0816
2211  0.0815
2212  0.0812
2213  0.0812
2214  0.0809
2215  0.0809
2216  0.0802
2217  0.0791
2218  0.0802
2219  0.0804
2220  0.0803
2221  0.0801
2222  0.0798
2223  0.0798
2224  0.0796
2225  0.0794
2226  0.078
2227  0.0782
2228  0.0784
2229  0.0791
2230  0.0785
2231  0.0786
2232  0.0786
2233  0.0786
2234  0.0785
2235  0.0783
2236  0.078
2237  0.078
2238  0.0774
2239  0.0757
2240  0.0768
2241  0.0776
2242  0.0774
2243  0.0763
2244  0.0768
2245  0.077
2246  0.0769
2247  0.0768
2248  0.0749
2249  0.0764
2250  0.0761
2251  0.076
2252  0.0761
2253  0.0755
2254  0.0736
2255  0.0755
2256  0.075
2257  0.075
2258  0.0752
2259  0.0753
2260  0.075
2261  0.0746
2262  0.0747
2263  0.072
2264  0.0747
2265  0.0743
2266  0.0734
2267  0.0741
2268  0.0741
2269  0.074
2270  0.0737
2271  0.073
2272  0.0737
2273  0.0737
2274  0.0735
2275  0.0724
2276  0.0732
2277  0.0732
2278  0.0731
2279  0.0729
2280  0.0726
2281  0.0693
2282  0.0715
2283  0.0717
2284  0.0717
2285  0.0715
2286  0.0718
2287  0.0719
2288  0.0716
2289  0.0716
2290  0.0716
2291  0.0711
2292  0.0714
2293  0.0713
2294  0.068
2295  0.0698
2296  0.0696
2297  0.0684
2298  0.0699
2299  0.07
2300  0.0698
2301  0.0697
2302  0.07
2303  0.0698
2304  0.0695
2305  0.0695
2306  0.0695
2307  0.0693
2308  0.0693
2309  0.0689
2310  0.0688
2311  0.069
2312  0.0687
2313  0.069
2314  0.0686
2315  0.0675
2316  0.0685
2317  0.0678
2318  0.0677
2319  0.0674
2320  0.068
2321  0.068
2322  0.068
2323  0.064
2324  0.0658
2325  0.0663
2326  0.065
2327  0.0663
2328  0.0667
2329  0.0664
2330  0.0663
2331  0.066
2332  0.0663
2333  0.0662
2334  0.0661
2335  0.0651
2336  0.0656
2337  0.066
2338  0.0656
2339  0.0639
2340  0.0657
2341  0.0658
2342  0.0658
2343  0.0655
2344  0.0653
2345  0.0652
2346  0.0653
2347  0.0649
2348  0.0648
2349  0.0652
2350  0.0647
2351  0.0646
2352  0.0636
2353  0.061
2354  0.0626
2355  0.0633
2356  0.0631
2357  0.0626
2358  0.0626
2359  0.0635
2360  0.0635
2361  0.063
2362  0.0631
2363  0.063
2364  0.0632
2365  0.063
2366  0.0631
2367  0.0631
2368  0.0628
2369  0.0622
2370  0.0617
2371  0.0624
2372  0.0624
2373  0.0622
2374  0.0592
2375  0.0612
2376  0.0622
2377  0.062
2378  0.0618
2379  0.062
2380  0.0618
2381  0.0616
2382  0.0618
2383  0.0588
2384  0.0587
2385  0.0592
2386  0.0596
2387  0.0587
2388  0.0603
2389  0.0601
2390  0.0605
2391  0.0604
2392  0.0603
2393  0.0596
2394  0.0604
2395  0.0598
2396  0.0598
2397  0.0601
2398  0.0597
2399  0.0598
2400  0.0593
2401  0.0594
2402  0.0597
2403  0.0593
2404  0.0592
2405  0.0596
2406  0.0587
2407  0.059
2408  0.0591
2409  0.0589
2410  0.0589
2411  0.059
2412  0.0589
2413  0.0587
2414  0.0566
2415  0.0566
2416  0.0545
2417  0.0569
2418  0.0574
2419  0.0578
2420  0.0572
2421  0.0577
2422  0.0575
2423  0.0571
2424  0.0573
2425  0.0567
2426  0.0574
2427  0.0568
2428  0.0568
2429  0.0572
2430  0.0568
2431  0.0567
2432  0.0571
2433  0.057
2434  0.0558
2435  0.0552
2436  0.0567
2437  0.0564
2438  0.055
2439  0.0565
2440  0.0564
2441  0.0558
2442  0.0561
2443  0.0561
2444  0.0558
2445  0.056
2446  0.0544
2447  0.0545
2448  0.0544
2449  0.0544
2450  0.0548
2451  0.0539
2452  0.0539
2453  0.0547
2454  0.0545
2455  0.054
2456  0.0539
2457  0.0521
2458  0.0543
2459  0.0546
2460  0.0543
2461  0.0542
2462  0.0544
2463  0.0541
2464  0.0544
2465  0.054
2466  0.0536
2467  0.0539
2468  0.0539
2469  0.0537
2470  0.0514
2471  0.0535
2472  0.0533
2473  0.0533
2474  0.0524
2475  0.0535
2476  0.0529
2477  0.0536
2478  0.0534
2479  0.0513
2480  0.052
2481  0.0513
2482  0.0517
2483  0.0503
2484  0.0526
2485  0.0524
2486  0.052
2487  0.0494
2488  0.052
2489  0.052
2490  0.0523
2491  0.0518
2492  0.052
2493  0.0512
2494  0.052
2495  0.0514
2496  0.0511
2497  0.0515
2498  0.0511
2499  0.0514
2500  0.0512
2501  0.0513
2502  0.0516
2503  0.0511
2504  0.0507
2505  0.0512
2506  0.0511
2507  0.0508
2508  0.05
2509  0.0498
2510  0.0498
2511  0.0501
2512  0.0501
2513  0.0501
2514  0.05
2515  0.0497
2516  0.0503
2517  0.0498
2518  0.049
2519  0.0499
2520  0.0498
2521  0.0499
2522  0.0497
2523  0.0496
2524  0.0494
2525  0.0496
2526  0.0495
2527  0.0491
2528  0.0493
2529  0.0492
2530  0.0492
2531  0.0493
2532  0.0493
2533  0.0488
2534  0.0491
2535  0.0485
2536  0.0487
2537  0.0482
2538  0.0488
2539  0.0479
2540  0.0479
2541  0.0481
2542  0.0461
2543  0.0479
2544  0.048
2545  0.0483
2546  0.0483
2547  0.047
2548  0.0473
2549  0.048
2550  0.0476
2551  0.047
2552  0.0475
2553  0.0468
2554  0.0476
2555  0.0474
2556  0.0469
2557  0.0461
2558  0.0472
2559  0.0472
2560  0.0463
2561  0.0468
2562  0.0467
2563  0.0469
2564  0.0468
2565  0.0461
2566  0.0464
2567  0.0453
2568  0.0467
2569  0.0462
2570  0.0462
2571  0.0462
2572  0.0464
2573  0.0463
2574  0.046
2575  0.0459
2576  0.0464
2577  0.0463
2578  0.0457
2579  0.0461
2580  0.0458
2581  0.0456
2582  0.045
2583  0.0449
2584  0.0446
2585  0.0441
2586  0.0424
2587  0.0454
2588  0.0452
2589  0.0451
2590  0.0449
2591  0.045
2592  0.0451
2593  0.0441
2594  0.0449
2595  0.0447
2596  0.0448
2597  0.044
2598  0.0447
2599  0.0447
2600  0.0439