#wavelength direct		
 300	    0.008850
 301	    0.013407
 302	    0.019589
 303	    0.024150
 304	    0.037335
 305	    0.042021
 306	    0.053097
 307	    0.054284
 308	    0.069368
 309	    0.081020
 310	    0.088497
 311	    0.109852
 312	    0.107952
 313	    0.123432
 314	    0.132220
 315	    0.157080
 316	    0.165886
 317	    0.185988
 318	    0.171083
 319	    0.196880
 320	    0.190836
 321	    0.216144
 322	    0.209708
 323	    0.223545
 324	    0.251992
 325	    0.280466
 326	    0.279149
 327	    0.290000
 328	    0.321606
 329	    0.315247
 330	    0.325003
 331	    0.337304
 332	    0.340163
 333	    0.341458
 334	    0.339921
 335	    0.355650
 336	    0.350295
 337	    0.355120
 338	    0.359766
 339	    0.368155
 340	    0.386674
 341	    0.385842
 342	    0.393574
 343	    0.397985
 344	    0.406061
 345	    0.403780
 346	    0.399572
 347	    0.405929
 348	    0.408319
 349	    0.410558
 350	    0.434581
 351	    0.444457
 352	    0.451624
 353	    0.459168
 354	    0.465191
 355	    0.465511
 356	    0.451532
 357	    0.449067
 358	    0.453134
 359	    0.457615
 360	    0.472499
 361	    0.493429
 362	    0.515889
 363	    0.540546
 364	    0.564051
 365	    0.588040
 366	    0.594847
 367	    0.617563
 368	    0.618245
 369	    0.609115
 370	    0.610060
 371	    0.593768
 372	    0.584580
 373	    0.590740
 374	    0.590908
 375	    0.611554
 376	    0.621764
 377	    0.641952
 378	    0.643584
 379	    0.625304
 380	    0.604675
 381	    0.579685
 382	    0.559866
 383	    0.554751
 384	    0.555832
 385	    0.573801
 386	    0.599465
 387	    0.624347
 388	    0.642417
 389	    0.655595
 390	    0.651105
 391	    0.647294
 392	    0.640498
 393	    0.631056
 394	    0.640670
 395	    0.671987
 396	    0.719038
 397	    0.786034
 398	    0.854762
 399	    0.929195
 400	    0.985635
 401	    1.026410
 402	    1.056237
 403	    1.065727
 404	    1.069523
 405	    1.068216
 406	    1.069344
 407	    1.071818
 408	    1.082224
 409	    1.097573
 410	    1.111088
 411	    1.129771
 412	    1.140876
 413	    1.150336
 414	    1.156680
 415	    1.164240
 416	    1.163863
 417	    1.157625
 418	    1.160176
 419	    1.153008
 420	    1.152066
 421	    1.154892
 422	    1.153950
 423	    1.147356
 424	    1.139820
 425	    1.134000
 426	    1.111560
 427	    1.091264
 428	    1.070858
 429	    1.064832
 430	    1.062576
 431	    1.074822
 432	    1.106616
 433	    1.139820
 434	    1.176558
 435	    1.204818
 436	    1.223071
 437	    1.237216
 438	    1.245324
 439	    1.260940
 440	    1.280701
 441	    1.304226
 442	    1.325869
 443	    1.351770
 444	    1.368726
 445	    1.384740
 446	    1.397928
 447	    1.416205
 448	    1.445028
 449	    1.455120
 450	    1.461373
 451	    1.463580
 452	    1.466078
 453	    1.465752
 454	    1.467636
 455	    1.474852
 456	    1.480824
 457	    1.489940
 458	    1.499715
 459	    1.499370
 460	    1.508512
 461	    1.511344
 462	    1.508512
 463	    1.503792
 464	    1.500960
 465	    1.494352
 466	    1.490265
 467	    1.487744
 468	    1.487111
 469	    1.494012
 470	    1.497780
 471	    1.505971
 472	    1.517287
 473	    1.522672
 474	    1.538460
 475	    1.538720
 476	    1.547910
 477	    1.556656
 478	    1.561608
 479	    1.563720
 480	    1.558068
 481	    1.546764
 482	    1.525774
 483	    1.499370
 484	    1.472346
 485	    1.453163
 486	    1.443144
 487	    1.454106
 488	    1.466365
 489	    1.479882
 490	    1.499664
 491	    1.506258
 492	    1.511910
 493	    1.519446
 494	    1.524156
 495	    1.530750
 496	    1.526040
 497	    1.513794
 498	    1.509084
 499	    1.494308
 500	    1.485839
 501	    1.483016
 502	    1.489302
 503	    1.495249
 504	    1.504374
 505	    1.505600
 506	    1.510968
 507	    1.515678
 508	    1.515678
 509	    1.512187
 510	    1.506541
 511	    1.501836
 512	    1.489603
 513	    1.469842
 514	    1.451022
 515	    1.430320
 516	    1.411500
 517	    1.407736
 518	    1.412441
 519	    1.422792
 520	    1.444435
 521	    1.463255
 522	    1.474547
 523	    1.478311
 524	    1.486780
 525	    1.488662
 526	    1.486780
 527	    1.490544
 528	    1.501836
 529	    1.509364
 530	    1.515951
 531	    1.525361
 532	    1.520656
 533	    1.525361
 534	    1.519040
 535	    1.518100
 536	    1.516485
 537	    1.511790
 538	    1.504552
 539	    1.500522
 540	    1.489254
 541	    1.494888
 542	    1.494888
 543	    1.498360
 544	    1.499300
 545	    1.507760
 546	    1.505600
 547	    1.506541
 548	    1.505600
 549	    1.508423
 550	    1.508423
 551	    1.508423
 552	    1.507760
 553	    1.509640
 554	    1.499300
 555	    1.498360
 556	    1.486437
 557	    1.477350
 558	    1.467657
 559	    1.449700
 560	    1.454232
 561	    1.457076
 562	    1.459327
 563	    1.463462
 564	    1.462860
 565	    1.461915
 566	    1.457536
 567	    1.454355
 568	    1.456592
 569	    1.460368
 570	    1.454704
 571	    1.461312
 572	    1.461650
 573	    1.466976
 574	    1.468251
 575	    1.464479
 576	    1.464479
 577	    1.460707
 578	    1.459764
 579	    1.462593
 580	    1.470137
 581	    1.472966
 582	    1.469194
 583	    1.467308
 584	    1.463536
 585	    1.447505
 586	    1.436189
 587	    1.422987
 588	    1.410174
 589	    1.404522
 590	    1.403580
 591	    1.409618
 592	    1.417146
 593	    1.418652
 594	    1.420536
 595	    1.422792
 596	    1.426188
 597	    1.425615
 598	    1.423733
 599	    1.424674
 600	    1.421851
 601	    1.420910
 602	    1.420340
 603	    1.424674
 604	    1.425040
 605	    1.428800
 606	    1.424674
 607	    1.419400
 608	    1.415264
 609	    1.406795
 610	    1.403031
 611	    1.400208
 612	    1.393621
 613	    1.385152
 614	    1.382329
 615	    1.381388
 616	    1.383270
 617	    1.380972
 618	    1.384211
 619	    1.386093
 620	    1.383270
 621	    1.379506
 622	    1.378565
 623	    1.375742
 624	    1.366332
 625	    1.367273
 626	    1.358804
 627	    1.355538
 628	    1.354099
 629	    1.354099
 630	    1.354596
 631	    1.352217
 632	    1.355040
 633	    1.355981
 634	    1.357863
 635	    1.359745
 636	    1.365391
 637	    1.359745
 638	    1.359745
 639	    1.361190
 640	    1.357863
 641	    1.354099
 642	    1.351770
 643	    1.346118
 644	    1.342350
 645	    1.342350
 646	    1.341408
 647	    1.331988
 648	    1.328220
 649	    1.324452
 650	    1.324915
 651	    1.316916
 652	    1.306554
 653	    1.296625
 654	    1.283423
 655	    1.272107
 656	    1.267392
 657	    1.271164
 658	    1.283423
 659	    1.298944
 660	    1.313599
 661	    1.325376
 662	    1.333402
 663	    1.333402
 664	    1.333402
 665	    1.335288
 666	    1.337174
 667	    1.331516
 668	    1.329630
 669	    1.326320
 670	    1.326320
 671	    1.323972
 672	    1.315485
 673	    1.318314
 674	    1.315485
 675	    1.314542
 676	    1.314992
 677	    1.314992
 678	    1.308438
 679	    1.303285
 680	    1.301403
 681	    1.291993
 682	    1.279236
 683	    1.262822
 684	    1.239297
 685	    1.214238
 686	    1.186920
 687	    1.167138
 688	    1.159602
 689	    1.162719
 690	    1.168377
 691	    1.178750
 692	    1.192895
 693	    1.203268
 694	    1.211755
 695	    1.215527
 696	    1.220242
 697	    1.214584
 698	    1.217413
 699	    1.211152
 700	    1.213040
 701	    1.210208
 702	    1.207376
 703	    1.212435
 704	    1.213380
 705	    1.220340
 706	    1.222232
 707	    1.218448
 708	    1.222577
 709	    1.219736
 710	    1.217232
 711	    1.211544
 712	    1.199220
 713	    1.187500
 714	    1.171350
 715	    1.144750
 716	    1.112670
 717	    1.082424
 718	    1.056877
 719	    1.045441
 720	    1.041629
 721	    1.044488
 722	    1.049253
 723	    1.051159
 724	    1.048300
 725	    1.049253
 726	    1.042440
 727	    1.048152
 728	    1.048446
 729	    1.053216
 730	    1.062915
 731	    1.078195
 732	    1.092520
 733	    1.105890
 734	    1.118305
 735	    1.124990
 736	    1.131444
 737	    1.127399
 738	    1.126216
 739	    1.121000
 740	    1.122432
 741	    1.122195
 742	    1.121248
 743	    1.130016
 744	    1.133350
 745	    1.135976
 746	    1.140744
 747	    1.145512
 748	    1.146196
 749	    1.147080
 750	    1.151606
 751	    1.153005
 752	    1.147167
 753	    1.146398
 754	    1.135684
 755	    1.120275
 756	    1.074322
 757	    1.013934
 758	    0.932037
 759	    0.843980
 760	    0.763312
 761	    0.706547
 762	    0.682636
 763	    0.696632
 764	    0.740470
 765	    0.807440
 766	    0.876355
 767	    0.939632
 768	    0.994356
 769	    1.034208
 770	    1.061424
 771	    1.077111
 772	    1.084752
 773	    1.087668
 774	    1.085868
 775	    1.087370
 776	    1.077384
 777	    1.077384
 778	    1.077384
 779	    1.076416
 780	    1.078352
 781	    1.072544
 782	    1.070608
 783	    1.070608
 784	    1.064800
 785	    1.063962
 786	    1.056210
 787	    1.053303
 788	    1.042644
 789	    1.036830
 790	    1.031016
 791	    1.027140
 792	    1.020357
 793	    1.016481
 794	    1.015512
 795	    1.016481
 796	    1.013574
 797	    1.017450
 798	    1.013574
 799	    1.012680
 800	    1.013650
 801	    1.009770
 802	    1.003884
 803	    1.001946
 804	    0.999039
 805	    0.998070
 806	    0.996132
 807	    0.992256
 808	    0.987411
 809	    0.977760
 810	    0.967769
 811	    0.953219
 812	    0.932849
 813	    0.909763
 814	    0.886038
 815	    0.863316
 816	    0.849528
 817	    0.841372
 818	    0.838653
 819	    0.838750
 820	    0.842828
 821	    0.844867
 822	    0.848071
 823	    0.852930
 824	    0.855839
 825	    0.865355
 826	    0.868171
 827	    0.872929
 828	    0.875675
 829	    0.876355
 830	    0.873342
 831	    0.874800
 832	    0.877716
 833	    0.882965
 834	    0.889030
 835	    0.897592
 836	    0.903139
 837	    0.914133
 838	    0.919290
 839	    0.920458
 840	    0.926371
 841	    0.926079
 842	    0.927151
 843	    0.924618
 844	    0.925203
 845	    0.922253
 846	    0.919523
 847	    0.915623
 848	    0.909870
 849	    0.898950
 850	    0.890175
 851	    0.875940
 852	    0.870885
 853	    0.859075
 854	    0.858685
 855	    0.862789
 856	    0.862882
 857	    0.875783
 858	    0.884185
 859	    0.890535
 860	    0.894968
 861	    0.896630
 862	    0.890176
 863	    0.879124
 864	    0.870224
 865	    0.860347
 866	    0.854275
 867	    0.850849
 868	    0.853874
 869	    0.859160
 870	    0.865928
 871	    0.869856
 872	    0.870445
 873	    0.868972
 874	    0.865633
 875	    0.862589
 876	    0.862000
 877	    0.860134
 878	    0.857500
 879	    0.855432
 880	    0.852306
 881	    0.848876
 882	    0.846230
 883	    0.844956
 884	    0.844466
 885	    0.843464
 886	    0.840644
 887	    0.841378
 888	    0.837646
 889	    0.834504
 890	    0.831323
 891	    0.821690
 892	    0.805962
 893	    0.789758
 894	    0.766930
 895	    0.741739
 896	    0.716292
 897	    0.694736
 898	    0.675509
 899	    0.663184
 900	    0.658352
 901	    0.664170
 902	    0.676589
 903	    0.688334
 904	    0.697232
 905	    0.696723
 906	    0.690308
 907	    0.678957
 908	    0.668002
 909	    0.654973
 910	    0.646781
 911	    0.642142
 912	    0.640125
 913	    0.636865
 914	    0.634790
 915	    0.634887
 916	    0.638055
 917	    0.645339
 918	    0.656704
 919	    0.667418
 920	    0.673254
 921	    0.679510
 922	    0.681089
 923	    0.678391
 924	    0.675406
 925	    0.665129
 926	    0.647751
 927	    0.626045
 928	    0.592407
 929	    0.548200
 930	    0.494800
 931	    0.443491
 932	    0.392082
 933	    0.352614
 934	    0.324450
 935	    0.310128
 936	    0.308568
 937	    0.325080
 938	    0.344136
 939	    0.367432
 940	    0.387920
 941	    0.395005
 942	    0.388749
 943	    0.378700
 944	    0.366274
 945	    0.355680
 946	    0.352755
 947	    0.354244
 948	    0.358950
 949	    0.363805
 950	    0.369305
 951	    0.374032
 952	    0.377411
 953	    0.380507
 954	    0.384866
 955	    0.391476
 956	    0.397139
 957	    0.404573
 958	    0.412649
 959	    0.422273
 960	    0.435058
 961	    0.446066
 962	    0.459424
 963	    0.470302
 964	    0.483829
 965	    0.501920
 966	    0.523390
 967	    0.544607
 968	    0.566375
 969	    0.586276
 970	    0.598122
 971	    0.602465
 972	    0.599899
 973	    0.594065
 974	    0.587857
 975	    0.582429
 976	    0.580655
 977	    0.583712
 978	    0.591008
 979	    0.600080
 980	    0.608658
 981	    0.617862
 982	    0.629607
 983	    0.636615
 984	    0.644807
 985	    0.652506
 986	    0.658206
 987	    0.661664
 988	    0.665813
 989	    0.668960
 990	    0.671544
 991	    0.671531
 992	    0.671828
 993	    0.674201
 994	    0.675100
 995	    0.674705
 996	    0.674696
 997	    0.673311
 998	    0.673223
 999	    0.670556
1000	    0.668777
1001	    0.666702
1002	    0.663244
1003	    0.658996
1004	    0.655143
1005	    0.654550
1006	    0.653394
1007	    0.654846
1008	    0.656651
1009	    0.659612
1010	    0.662771
1011	    0.661783
1012	    0.661487
1013	    0.662986
1014	    0.660916
1015	    0.661507
1016	    0.660028
1017	    0.660442
1018	    0.659556
1019	    0.660658
1020	    0.658591
1021	    0.665058
1022	    0.663963
1023	    0.663466
1024	    0.664063
1025	    0.664063
1026	    0.664163
1027	    0.663765
1028	    0.665029
1029	    0.663864
1030	    0.663864
1031	    0.663267
1032	    0.660712
1033	    0.659817
1034	    0.660016
1035	    0.659519
1036	    0.659817
1037	    0.661109
1038	    0.660115
1039	    0.660811
1040	    0.660941
1041	    0.661537
1042	    0.661537
1043	    0.660941
1044	    0.659749
1045	    0.657498
1046	    0.657795
1047	    0.655875
1048	    0.661774
1049	    0.661664
1050	    0.661466
1051	    0.661889
1052	    0.662880
1053	    0.661790
1054	    0.661691
1055	    0.661294
1056	    0.660330
1057	    0.658053
1058	    0.658081
1059	    0.656696
1060	    0.655637
1061	    0.657243
1062	    0.656109
1063	    0.652810
1064	    0.649814
1065	    0.645820
1066	    0.639972
1067	    0.632864
1068	    0.628854
1069	    0.625378
1070	    0.624010
1071	    0.623469
1072	    0.623176
1073	    0.623317
1074	    0.623903
1075	    0.624724
1076	    0.624626
1077	    0.622289
1078	    0.618925
1079	    0.616054
1080	    0.616687
1081	    0.606681
1082	    0.604350
1083	    0.601594
1084	    0.597970
1085	    0.595257
1086	    0.594288
1087	    0.591932
1088	    0.591514
1089	    0.591224
1090	    0.590934
1091	    0.586872
1092	    0.580587
1093	    0.575075
1094	    0.568693
1095	    0.562117
1096	    0.558442
1097	    0.554381
1098	    0.549159
1099	    0.544518
1100	    0.540746
