#wavelength global	
 300	    0.019602
 301	    0.026814
 302	    0.029378
 303	    0.040058
 304	    0.067050
 305	    0.069653
 306	    0.091103
 307	    0.093493
 308	    0.118784
 309	    0.138648
 310	    0.150529
 311	    0.193372
 312	    0.188864
 313	    0.212454
 314	    0.229680
 315	    0.268800
 316	    0.287028
 317	    0.315744
 318	    0.290872
 319	    0.330395
 320	    0.321024
 321	    0.361380
 322	    0.347728
 323	    0.370965
 324	    0.415688
 325	    0.461944
 326	    0.456419
 327	    0.471300
 328	    0.525810
 329	    0.510245
 330	    0.521225
 331	    0.537237
 332	    0.538431
 333	    0.536973
 334	    0.535440
 335	    0.554625
 336	    0.541751
 337	    0.547734
 338	    0.552020
 339	    0.563837
 340	    0.587459
 341	    0.582873
 342	    0.590936
 343	    0.597937
 344	    0.604757
 345	    0.598018
 346	    0.591145
 347	    0.598440
 348	    0.598239
 349	    0.596406
 350	    0.627523
 351	    0.640651
 352	    0.647575
 353	    0.658656
 354	    0.664267
 355	    0.659692
 356	    0.639047
 357	    0.631838
 358	    0.635154
 359	    0.640110
 360	    0.657970
 361	    0.682150
 362	    0.711715
 363	    0.744178
 364	    0.775437
 365	    0.801952
 366	    0.804007
 367	    0.845440
 368	    0.839638
 369	    0.826894
 370	    0.821054
 371	    0.803187
 372	    0.784575
 373	    0.789072
 374	    0.788672
 375	    0.810930
 376	    0.823090
 377	    0.849888
 378	    0.848501
 379	    0.822185
 380	    0.791635
 381	    0.758938
 382	    0.730800
 383	    0.720842
 384	    0.724440
 385	    0.738575
 386	    0.771629
 387	    0.799765
 388	    0.820342
 389	    0.830775
 390	    0.824890
 391	    0.820115
 392	    0.807875
 393	    0.799694
 394	    0.808358
 395	    0.845274
 396	    0.904302
 397	    0.984449
 398	    1.067269
 399	    1.155200
 400	    1.221885
 401	    1.274262
 402	    1.307722
 403	    1.320059
 404	    1.320059
 405	    1.317277
 406	    1.315824
 407	    1.315886
 408	    1.331022
 409	    1.343793
 410	    1.357472
 411	    1.375044
 412	    1.392512
 413	    1.402918
 414	    1.405215
 415	    1.408050
 416	    1.407242
 417	    1.401435
 418	    1.399008
 419	    1.387566
 420	    1.385682
 421	    1.384740
 422	    1.379088
 423	    1.372494
 424	    1.363074
 425	    1.350405
 426	    1.326336
 427	    1.298000
 428	    1.273173
 429	    1.257408
 430	    1.253802
 431	    1.271700
 432	    1.306108
 433	    1.346118
 434	    1.384740
 435	    1.413000
 436	    1.435246
 437	    1.445619
 438	    1.455390
 439	    1.472665
 440	    1.494308
 441	    1.519715
 442	    1.545122
 443	    1.567488
 444	    1.585386
 445	    1.603284
 446	    1.620240
 447	    1.639222
 448	    1.663572
 449	    1.675080
 450	    1.687213
 451	    1.685420
 452	    1.686272
 453	    1.683354
 454	    1.683354
 455	    1.687970
 456	    1.690890
 457	    1.700229
 458	    1.711395
 459	    1.709659
 460	    1.713360
 461	    1.716192
 462	    1.715248
 463	    1.709584
 464	    1.702032
 465	    1.693536
 466	    1.686825
 467	    1.681264
 468	    1.679483
 469	    1.677702
 470	    1.689006
 471	    1.699286
 472	    1.706830
 473	    1.713360
 474	    1.718955
 475	    1.725632
 476	    1.732185
 477	    1.736960
 478	    1.744550
 479	    1.746468
 480	    1.737990
 481	    1.722918
 482	    1.700229
 483	    1.667224
 484	    1.635312
 485	    1.613473
 486	    1.604226
 487	    1.610644
 488	    1.623846
 489	    1.638138
 490	    1.656036
 491	    1.666398
 492	    1.672992
 493	    1.675818
 494	    1.678644
 495	    1.679586
 496	    1.675818
 497	    1.667340
 498	    1.651326
 499	    1.640163
 500	    1.634517
 501	    1.627930
 502	    1.630602
 503	    1.635458
 504	    1.643790
 505	    1.646750
 506	    1.653210
 507	    1.652268
 508	    1.652268
 509	    1.650514
 510	    1.642045
 511	    1.631694
 512	    1.619461
 513	    1.597818
 514	    1.576175
 515	    1.554532
 516	    1.535712
 517	    1.527243
 518	    1.532889
 519	    1.545122
 520	    1.562060
 521	    1.580880
 522	    1.594054
 523	    1.604405
 524	    1.604405
 525	    1.604405
 526	    1.602523
 527	    1.609110
 528	    1.615697
 529	    1.626048
 530	    1.635458
 531	    1.636399
 532	    1.637340
 533	    1.638281
 534	    1.635600
 535	    1.634660
 536	    1.627287
 537	    1.620714
 538	    1.613360
 539	    1.606629
 540	    1.601934
 541	    1.598178
 542	    1.597239
 543	    1.605520
 544	    1.605520
 545	    1.608340
 546	    1.612874
 547	    1.608169
 548	    1.607228
 549	    1.610051
 550	    1.607228
 551	    1.607228
 552	    1.607400
 553	    1.606460
 554	    1.596120
 555	    1.587660
 556	    1.577520
 557	    1.569274
 558	    1.561557
 559	    1.541850
 560	    1.542396
 561	    1.545240
 562	    1.547398
 563	    1.545764
 564	    1.544130
 565	    1.544130
 566	    1.540608
 567	    1.537515
 568	    1.539664
 569	    1.537776
 570	    1.539664
 571	    1.542496
 572	    1.540862
 573	    1.545328
 574	    1.544634
 575	    1.541805
 576	    1.539919
 577	    1.538033
 578	    1.538033
 579	    1.540862
 580	    1.548406
 581	    1.552178
 582	    1.552178
 583	    1.549349
 584	    1.539919
 585	    1.523888
 586	    1.509743
 587	    1.495598
 588	    1.479882
 589	    1.471404
 590	    1.470462
 591	    1.472665
 592	    1.477370
 593	    1.484592
 594	    1.490244
 595	    1.490544
 596	    1.492128
 597	    1.484898
 598	    1.482075
 599	    1.482075
 600	    1.482075
 601	    1.480193
 602	    1.481440
 603	    1.486780
 604	    1.486140
 605	    1.486140
 606	    1.486780
 607	    1.478620
 608	    1.472665
 609	    1.466078
 610	    1.460432
 611	    1.455727
 612	    1.448199
 613	    1.442553
 614	    1.438789
 615	    1.433143
 616	    1.432202
 617	    1.435608
 618	    1.437848
 619	    1.437848
 620	    1.439730
 621	    1.436907
 622	    1.432202
 623	    1.424674
 624	    1.418087
 625	    1.411500
 626	    1.407736
 627	    1.406406
 628	    1.403031
 629	    1.400208
 630	    1.400754
 631	    1.398326
 632	    1.396444
 633	    1.400208
 634	    1.405854
 635	    1.406795
 636	    1.408677
 637	    1.410559
 638	    1.407736
 639	    1.406406
 640	    1.401149
 641	    1.399267
 642	    1.396986
 643	    1.393218
 644	    1.386624
 645	    1.380030
 646	    1.375320
 647	    1.370610
 648	    1.364958
 649	    1.361190
 650	    1.358863
 651	    1.354596
 652	    1.346118
 653	    1.333402
 654	    1.321143
 655	    1.309827
 656	    1.303226
 657	    1.306998
 658	    1.319257
 659	    1.336704
 660	    1.349433
 661	    1.364080
 662	    1.368293
 663	    1.370179
 664	    1.371122
 665	    1.370179
 666	    1.368293
 667	    1.365464
 668	    1.365464
 669	    1.362192
 670	    1.358416
 671	    1.355091
 672	    1.351319
 673	    1.349433
 674	    1.349433
 675	    1.349433
 676	    1.349920
 677	    1.347088
 678	    1.341408
 679	    1.337161
 680	    1.332456
 681	    1.323987
 682	    1.314090
 683	    1.293875
 684	    1.266586
 685	    1.240614
 686	    1.214238
 687	    1.194456
 688	    1.184094
 689	    1.185351
 690	    1.192895
 691	    1.206097
 692	    1.218356
 693	    1.227786
 694	    1.235330
 695	    1.239102
 696	    1.242874
 697	    1.241931
 698	    1.240988
 699	    1.237584
 700	    1.234752
 701	    1.231920
 702	    1.232864
 703	    1.235115
 704	    1.238895
 705	    1.242098
 706	    1.244936
 707	    1.246828
 708	    1.247199
 709	    1.244358
 710	    1.243776
 711	    1.238088
 712	    1.228608
 713	    1.216000
 714	    1.195100
 715	    1.164700
 716	    1.130739
 717	    1.100512
 718	    1.074984
 719	    1.062595
 720	    1.058783
 721	    1.059736
 722	    1.064501
 723	    1.065454
 724	    1.067360
 725	    1.064501
 726	    1.061480
 727	    1.059576
 728	    1.063710
 729	    1.071342
 730	    1.082970
 731	    1.095385
 732	    1.110665
 733	    1.124990
 734	    1.136450
 735	    1.145045
 736	    1.149570
 737	    1.149318
 738	    1.147160
 739	    1.143800
 740	    1.141392
 741	    1.141135
 742	    1.142082
 743	    1.147080
 744	    1.150450
 745	    1.156942
 746	    1.160841
 747	    1.165693
 748	    1.167404
 749	    1.170312
 750	    1.171026
 751	    1.170519
 752	    1.167600
 753	    1.164904
 754	    1.154190
 755	    1.141725
 756	    1.093802
 757	    1.030492
 758	    0.947994
 759	    0.856435
 760	    0.774004
 761	    0.715586
 762	    0.691481
 763	    0.704992
 764	    0.750773
 765	    0.817160
 766	    0.888991
 767	    0.954893
 768	    1.009908
 769	    1.050732
 770	    1.077948
 771	    1.093652
 772	    1.100304
 773	    1.103220
 774	    1.104355
 775	    1.102890
 776	    1.094808
 777	    1.094808
 778	    1.092872
 779	    1.090936
 780	    1.089000
 781	    1.087064
 782	    1.085128
 783	    1.081256
 784	    1.079320
 785	    1.076559
 786	    1.070745
 787	    1.065900
 788	    1.059117
 789	    1.051365
 790	    1.045551
 791	    1.040706
 792	    1.034892
 793	    1.031016
 794	    1.029078
 795	    1.027140
 796	    1.027140
 797	    1.027140
 798	    1.025202
 799	    1.024320
 800	    1.022380
 801	    1.018500
 802	    1.015512
 803	    1.013574
 804	    1.011636
 805	    1.011636
 806	    1.009698
 807	    1.003884
 808	    0.998070
 809	    0.990370
 810	    0.978730
 811	    0.962240
 812	    0.941094
 813	    0.916553
 814	    0.893126
 815	    0.870987
 816	    0.855160
 817	    0.847003
 818	    0.844770
 819	    0.846227
 820	    0.848460
 821	    0.850887
 822	    0.854383
 823	    0.860220
 824	    0.865841
 825	    0.871472
 826	    0.875842
 827	    0.879532
 828	    0.882090
 829	    0.880826
 830	    0.880243
 831	    0.880438
 832	    0.884131
 833	    0.889380
 834	    0.897106
 835	    0.904890
 836	    0.913452
 837	    0.920458
 838	    0.925518
 839	    0.929993
 840	    0.932995
 841	    0.933482
 842	    0.933774
 843	    0.933676
 844	    0.932605
 845	    0.931320
 846	    0.928103
 847	    0.922643
 848	    0.915428
 849	    0.907043
 850	    0.896805
 851	    0.885690
 852	    0.875960
 853	    0.867762
 854	    0.865134
 855	    0.867381
 856	    0.872934
 857	    0.881352
 858	    0.890926
 859	    0.897961
 860	    0.901716
 861	    0.900934
 862	    0.895848
 863	    0.887144
 864	    0.875603
 865	    0.866019
 866	    0.858877
 867	    0.855744
 868	    0.857598
 869	    0.863771
 870	    0.869463
 871	    0.873882
 872	    0.874864
 873	    0.874575
 874	    0.871820
 875	    0.870347
 876	    0.867401
 877	    0.865731
 878	    0.861420
 879	    0.859650
 880	    0.856716
 881	    0.854560
 882	    0.853090
 883	    0.851228
 884	    0.849562
 885	    0.848271
 886	    0.844760
 887	    0.844324
 888	    0.841770
 889	    0.838628
 890	    0.833682
 891	    0.824344
 892	    0.810680
 893	    0.792710
 894	    0.769882
 895	    0.743806
 896	    0.717770
 897	    0.694440
 898	    0.674621
 899	    0.662000
 900	    0.658352
 901	    0.663578
 902	    0.676292
 903	    0.689222
 904	    0.697824
 905	    0.698599
 906	    0.691492
 907	    0.678266
 908	    0.664646
 909	    0.652506
 910	    0.644610
 911	    0.639675
 912	    0.637556
 913	    0.634988
 914	    0.633012
 915	    0.633897
 916	    0.636174
 917	    0.643060
 918	    0.653827
 919	    0.663846
 920	    0.672658
 921	    0.677623
 922	    0.679498
 923	    0.678093
 924	    0.672819
 925	    0.663436
 926	    0.647751
 927	    0.622952
 928	    0.587912
 929	    0.544000
 930	    0.491000
 931	    0.439451
 932	    0.386830
 933	    0.346800
 934	    0.318476
 935	    0.304304
 936	    0.302432
 937	    0.319515
 938	    0.338312
 939	    0.360776
 940	    0.381056
 941	    0.388825
 942	    0.382992
 943	    0.372800
 944	    0.359931
 945	    0.350378
 946	    0.346710
 947	    0.348327
 948	    0.352665
 949	    0.357822
 950	    0.363419
 951	    0.367573
 952	    0.371139
 953	    0.374422
 954	    0.378484
 955	    0.385274
 956	    0.391119
 957	    0.398346
 958	    0.406617
 959	    0.416325
 960	    0.427633
 961	    0.439024
 962	    0.451780
 963	    0.463736
 964	    0.478238
 965	    0.495825
 966	    0.516403
 967	    0.538894
 968	    0.560465
 969	    0.578979
 970	    0.591410
 971	    0.596345
 972	    0.593878
 973	    0.586571
 974	    0.580356
 975	    0.575915
 976	    0.574444
 977	    0.577494
 978	    0.582825
 979	    0.591304
 980	    0.600868
 981	    0.611940
 982	    0.620626
 983	    0.629903
 984	    0.638392
 985	    0.645202
 986	    0.650894
 987	    0.655143
 988	    0.657909
 989	    0.661048
 990	    0.661565
 991	    0.663520
 992	    0.664410
 993	    0.665103
 994	    0.665122
 995	    0.665517
 996	    0.665795
 997	    0.665300
 998	    0.663146
 999	    0.661861
1000	    0.659688
1001	    0.656724
1002	    0.652673
1003	    0.648029
1004	    0.644670
1005	    0.642595
1006	    0.641649
1007	    0.643781
1008	    0.645005
1009	    0.647867
1010	    0.650038
1011	    0.651124
1012	    0.650729
1013	    0.649873
1014	    0.649380
1015	    0.649084
1016	    0.649182
1017	    0.648229
1018	    0.647440
1019	    0.646094
1020	    0.645307
1021	    0.651128
1022	    0.650531
1023	    0.649835
1024	    0.649536
1025	    0.650133
1026	    0.650133
1027	    0.649437
1028	    0.650189
1029	    0.648740
1030	    0.648541
1031	    0.646949
1032	    0.645802
1033	    0.644510
1034	    0.643317
1035	    0.642522
1036	    0.642124
1037	    0.642621
1038	    0.642621
1039	    0.643019
1040	    0.643365
1041	    0.643067
1042	    0.643166
1043	    0.642670
1044	    0.641677
1045	    0.640534
1046	    0.639939
1047	    0.637758
1048	    0.642013
1049	    0.641427
1050	    0.641923
1051	    0.641276
1052	    0.641078
1053	    0.640781
1054	    0.640781
1055	    0.639790
1056	    0.638352
1057	    0.637560
1058	    0.635531
1059	    0.634938
1060	    0.633308
1061	    0.633457
1062	    0.631681
1063	    0.629415
1064	    0.625878
1065	    0.621222
1066	    0.614910
1067	    0.608120
1068	    0.603524
1069	    0.599487
1070	    0.598510
1071	    0.596434
1072	    0.596629
1073	    0.596213
1074	    0.597188
1075	    0.595406
1076	    0.595601
1077	    0.593750
1078	    0.593141
1079	    0.584852
1080	    0.582730
1081	    0.577357
1082	    0.574346
1083	    0.570457
1084	    0.566187
1085	    0.563861
1086	    0.561923
1087	    0.560085
1088	    0.559119
1089	    0.557572
1090	    0.556412
1091	    0.552931
1092	    0.547322
1093	    0.541713
1094	    0.534751
1095	    0.528369
1096	    0.523050
1097	    0.518699
1098	    0.514831
1099	    0.508835
1100	    0.503807
